1,1193,978300760,F,1,10,48067,0,0,0,0,0,0,0,1,0,0,0,0,0,0,0,0,0,0
2,1357,978298709,M,56,16,70072,0,0,0,0,0,0,0,1,0,0,0,0,0,1,0,0,0,0
3,3421,978298147,M,25,15,55117,0,0,0,0,1,0,0,0,0,0,0,0,0,0,0,0,0,0
4,3468,978294008,M,45,7,02460,0,0,0,0,0,0,0,1,0,0,0,0,0,0,0,0,0,0
5,2987,978243170,M,25,20,55455,0,1,1,0,0,0,0,0,0,1,0,0,0,0,0,0,0,0
6,2406,978236670,F,50,9,55117,1,1,0,0,1,0,0,0,0,0,0,0,0,1,0,0,0,0
7,648,978234737,M,35,1,06810,1,1,0,0,0,0,0,0,0,0,0,0,1,0,0,0,0,0
8,39,978229571,M,25,12,11413,0,0,0,0,1,0,0,0,0,0,0,0,0,1,0,0,0,0
9,2268,978226495,M,25,17,61614,0,0,0,0,0,1,0,1,0,0,0,0,0,0,0,0,0,0
10,2622,978228212,F,35,1,95370,0,0,0,0,1,0,0,0,1,0,0,0,0,0,0,0,0,0
